epoch,accuracy,loss,val_accuracy,val_loss
0,0.881908118724823,0.5994514226913452,0.9271146059036255,0.2911974787712097
1,0.9389057159423828,0.24524542689323425,0.9516483545303345,0.20172661542892456
2,0.9565437436103821,0.18072205781936646,0.9548859000205994,0.1771293431520462
3,0.9627251625061035,0.1525994837284088,0.9649060368537903,0.14272111654281616
4,0.9659397602081299,0.136687770485878,0.9677920937538147,0.12837621569633484
5,0.9681487083435059,0.12512832880020142,0.9694398641586304,0.11934087425470352
6,0.9695531725883484,0.11721118539571762,0.9704300761222839,0.11359930038452148
7,0.970890998840332,0.11036664992570877,0.9716101288795471,0.10694091022014618
8,0.9733584523200989,0.10127086192369461,0.9734340310096741,0.09998827427625656
9,0.974733829498291,0.09570194780826569,0.9756026864051819,0.09246772527694702
10,0.976797342300415,0.08784283697605133,0.977752685546875,0.08407288789749146
11,0.9785088300704956,0.0803413912653923,0.978680431842804,0.07999561727046967
12,0.9795457124710083,0.07553359121084213,0.9802104830741882,0.0738118514418602
13,0.9803892970085144,0.07180596143007278,0.9809134006500244,0.07053588330745697
14,0.9812254905700684,0.06817488372325897,0.981299877166748,0.06841528415679932
15,0.981960654258728,0.06493040919303894,0.9819045066833496,0.0657002329826355
16,0.9829428195953369,0.06088107079267502,0.9825298190116882,0.06266289949417114
17,0.9838995337486267,0.05692600458860397,0.9835951328277588,0.05866708979010582
18,0.9846554398536682,0.053818389773368835,0.9841674566268921,0.05637819319963455
19,0.9855522513389587,0.05057985708117485,0.9850624799728394,0.05315156280994415
20,0.9862520098686218,0.04784752428531647,0.9854408502578735,0.051337432116270065
21,0.9868354201316833,0.04560528323054314,0.9854228496551514,0.05133629962801933
22,0.9874239563941956,0.04325329512357712,0.9865154027938843,0.047382380813360214
23,0.987865149974823,0.04147755727171898,0.9865896105766296,0.04701922833919525
24,0.9883867502212524,0.03944304957985878,0.9872018694877625,0.04471161589026451
25,0.9888437390327454,0.0377122238278389,0.9874860048294067,0.04361371323466301
26,0.989344596862793,0.03581230714917183,0.9878625869750977,0.042295195162296295
27,0.9897862672805786,0.03425600007176399,0.9882051348686218,0.04104847088456154
28,0.9902315139770508,0.032623015344142914,0.9882326126098633,0.04068337008357048
29,0.9905701279640198,0.0313929058611393,0.9884541034698486,0.04019508883357048
30,0.9908760190010071,0.03025008551776409,0.98841392993927,0.040099166333675385
31,0.9911829233169556,0.02910175733268261,0.9883855581283569,0.040438342839479446
32,0.9916411638259888,0.027516691014170647,0.9890915751457214,0.0380166620016098
33,0.9920089840888977,0.026219015941023827,0.9892237186431885,0.03756295517086983
34,0.9922006726264954,0.02550007589161396,0.9892562031745911,0.03747810423374176
35,0.9923194646835327,0.024980243295431137,0.9893757104873657,0.037413086742162704
36,0.9924616813659668,0.024410346522927284,0.9892392754554749,0.03784123435616493
37,0.9927805066108704,0.023365557193756104,0.9894839525222778,0.03697554022073746
38,0.9931060671806335,0.02228710800409317,0.9889650940895081,0.03875066712498665
39,0.9933674335479736,0.021456565707921982,0.9889700412750244,0.038442354649305344
40,0.9936140179634094,0.020626818761229515,0.9893434643745422,0.03759760782122612
41,0.9937291145324707,0.02019651234149933,0.9893209338188171,0.038121048361063004
42,0.9937928318977356,0.019834479317069054,0.9893800020217896,0.03802349045872688
43,0.9939821362495422,0.019165851175785065,0.9895272850990295,0.03848506137728691
44,0.9941833019256592,0.01854446716606617,0.9894328117370605,0.04004109278321266
45,0.9944426417350769,0.01768515445291996,0.9895838499069214,0.03952924162149429
46,0.9946873188018799,0.016921035945415497,0.9897753000259399,0.038551755249500275
47,0.9947583079338074,0.0166313499212265,0.9897234439849854,0.03831189125776291
48,0.9946990013122559,0.0166530329734087,0.9895946979522705,0.03916502371430397
49,0.9948858618736267,0.01608802005648613,0.9896887540817261,0.039017949253320694
50,0.9951533079147339,0.015279396437108517,0.9895360469818115,0.039338160306215286
51,0.9953069686889648,0.014756612479686737,0.9897559285163879,0.039444971829652786
52,0.9954618215560913,0.014299542643129826,0.9894598722457886,0.040952641516923904
53,0.9956362247467041,0.013752992264926434,0.9893802404403687,0.04125542938709259
54,0.9956260919570923,0.0136775067076087,0.9894997477531433,0.04070928692817688
55,0.9955930709838867,0.01377836987376213,0.9896208643913269,0.04079055413603783
56,0.9956912398338318,0.013390752486884594,0.9899108409881592,0.03978127986192703
57,0.9958362579345703,0.012972062453627586,0.9897087812423706,0.04072442278265953
58,0.996025025844574,0.012400147505104542,0.9897180199623108,0.04094242304563522
59,0.9962962865829468,0.011662958189845085,0.9896851181983948,0.041517384350299835
60,0.9964004755020142,0.011332587338984013,0.98965984582901,0.04207390919327736
61,0.9962981939315796,0.011516477912664413,0.98967045545578,0.041701916605234146
62,0.9963869452476501,0.011235399171710014,0.9893471002578735,0.043111272156238556
63,0.9966904520988464,0.010408164002001286,0.9893847703933716,0.04369880259037018
64,0.996811032295227,0.010029605589807034,0.9893588423728943,0.04414571076631546
65,0.996878445148468,0.009817710146307945,0.9896336793899536,0.04383125156164169
66,0.9969387650489807,0.009631959721446037,0.9895768761634827,0.044365156441926956
67,0.996922492980957,0.009585659950971603,0.9897018074989319,0.04401532560586929
68,0.9969362616539001,0.00952514261007309,0.9895861148834229,0.04489241540431976
69,0.9969341158866882,0.009460116736590862,0.9892828464508057,0.04593193903565407
70,0.997002363204956,0.009264248423278332,0.9894429445266724,0.04543732851743698
71,0.9972474575042725,0.008621077053248882,0.9896318912506104,0.04505318030714989
72,0.9974068999290466,0.008188977837562561,0.9898068904876709,0.04532014951109886
73,0.9975178241729736,0.007875798270106316,0.9898555874824524,0.04540998488664627
74,0.9975264072418213,0.007803997956216335,0.9894769787788391,0.04810047522187233
75,0.9975089430809021,0.007827376015484333,0.9895766377449036,0.04715973138809204
76,0.9974483847618103,0.007951703853905201,0.9895958304405212,0.04659467190504074
77,0.9974880814552307,0.007831968367099762,0.9896087050437927,0.04684053733944893
78,0.9976096153259277,0.007472492754459381,0.9899439811706543,0.04660772532224655
79,0.9976608157157898,0.007329260464757681,0.9899320602416992,0.047217026352882385
80,0.9976480007171631,0.007339648902416229,0.9899507761001587,0.04712902754545212
81,0.9976775050163269,0.0072813574224710464,0.9898833632469177,0.048003725707530975
82,0.9978691935539246,0.0067380513064563274,0.9898666739463806,0.04848853126168251
83,0.9979608654975891,0.006481137592345476,0.989885151386261,0.04869765043258667
84,0.9980721473693848,0.006196165923029184,0.9899458289146423,0.04821842908859253
85,0.9981199502944946,0.006034022197127342,0.9899165034294128,0.04817420244216919
86,0.998130202293396,0.0059782457537949085,0.9901399612426758,0.04753703624010086
87,0.9981739521026611,0.0058603957295417786,0.9899604916572571,0.04909426346421242
88,0.9982433319091797,0.005673501640558243,0.9898763298988342,0.04971008747816086
89,0.9982602000236511,0.005620794370770454,0.9898427724838257,0.05022510513663292
90,0.9982392191886902,0.0056366450153291225,0.9899397492408752,0.04974503070116043
91,0.9982550144195557,0.00555209256708622,0.9901106357574463,0.04904372990131378
92,0.9982446432113647,0.005572332534939051,0.9901036620140076,0.049024488776922226
93,0.9982370138168335,0.0055723488330841064,0.9898878335952759,0.050826169550418854
94,0.9983110427856445,0.005347803235054016,0.99000084400177,0.04999368637800217
95,0.9983416199684143,0.005277752876281738,0.9901077151298523,0.04966941475868225
96,0.998371422290802,0.005218263249844313,0.990071177482605,0.05025121569633484
97,0.9984489679336548,0.004964776337146759,0.9899852871894836,0.050555530935525894
98,0.9984709620475769,0.004895010497421026,0.990075945854187,0.05057796835899353
99,0.9985241889953613,0.004724063910543919,0.9901875257492065,0.05095668509602547
100,0.9985966682434082,0.004577537067234516,0.9898644089698792,0.05298866704106331
101,0.998603105545044,0.004533161409199238,0.9899374842643738,0.05139331892132759
102,0.9985879063606262,0.004559278953820467,0.9900138974189758,0.05222722142934799
103,0.9985648989677429,0.004621122032403946,0.990051805973053,0.052957408130168915
104,0.9985721111297607,0.004566201474517584,0.9897381067276001,0.053940411657094955
105,0.9985781908035278,0.004525386728346348,0.990302562713623,0.05267976224422455
106,0.9986149668693542,0.004432491026818752,0.990240752696991,0.05290466919541359
107,0.9986869692802429,0.004237145185470581,0.9903817176818848,0.052124109119176865
108,0.9987536072731018,0.004073799587786198,0.9902475476264954,0.0525553859770298
109,0.9988013505935669,0.0039221239276230335,0.9901332259178162,0.05271025374531746
110,0.9988133907318115,0.0038826719392091036,0.9901841878890991,0.0526641421020031
111,0.9988259077072144,0.0038619423285126686,0.9900939464569092,0.05303093045949936
112,0.9988541007041931,0.0037570565473288298,0.9901115298271179,0.053057048469781876
113,0.9989098906517029,0.003626305377110839,0.9902263283729553,0.05328996852040291
114,0.998878538608551,0.003682779148221016,0.9903045892715454,0.05281262472271919
115,0.9988198280334473,0.0038173471111804247,0.990334153175354,0.05269832909107208
116,0.9988462924957275,0.003758955979719758,0.9904056191444397,0.05308913812041283
117,0.9988560080528259,0.003709330689162016,0.9904071688652039,0.05275969207286835
118,0.9988842010498047,0.003613657783716917,0.9903900623321533,0.053584519773721695
119,0.9988792538642883,0.0036653142888098955,0.9904349446296692,0.053372133523225784
