epoch,accuracy,loss,val_accuracy,val_loss
0,0.8895739912986755,0.5564001798629761,0.9408414363861084,0.2500620484352112
1,0.952664852142334,0.19648301601409912,0.9583173394203186,0.1655515879392624
2,0.9623563885688782,0.1466202586889267,0.9646960496902466,0.13445402681827545
3,0.9662801027297974,0.1246076449751854,0.9672360420227051,0.11908082664012909
4,0.9689998626708984,0.11097639799118042,0.9698863625526428,0.10688123852014542
5,0.9709256291389465,0.10216914117336273,0.9706357717514038,0.10229676216840744
6,0.9726779460906982,0.0950445756316185,0.9741600751876831,0.09097439795732498
7,0.9748791456222534,0.08766726404428482,0.9756159782409668,0.08609563112258911
8,0.9763872623443604,0.08197881281375885,0.9763914346694946,0.08113425225019455
9,0.9774040579795837,0.07752161473035812,0.9771734476089478,0.07787618786096573
10,0.9783748984336853,0.07351366430521011,0.9785446524620056,0.07306603342294693
11,0.9750760197639465,0.0866541638970375,0.9750577211380005,0.08626401424407959
12,0.9776614308357239,0.07606679946184158,0.978404700756073,0.0734095498919487
13,0.9794286489486694,0.06935937702655792,0.9793990850448608,0.06940507888793945
14,0.9803280830383301,0.06579338014125824,0.9803236126899719,0.06594415754079819
15,0.9816266894340515,0.06130792573094368,0.9819004535675049,0.06080519035458565
16,0.9829891920089722,0.056897878646850586,0.9828190803527832,0.0579734705388546
17,0.9840047359466553,0.053516846150159836,0.983484148979187,0.05518489331007004
18,0.9848056435585022,0.050671227276325226,0.9842150807380676,0.05252658203244209
19,0.9856215119361877,0.04776480793952942,0.9849721789360046,0.0497833676636219
20,0.9861977696418762,0.04557419195771217,0.984947919845581,0.04951634630560875
21,0.9869131445884705,0.04310367628931999,0.9868032932281494,0.04393811151385307
22,0.9874489903450012,0.04110918939113617,0.9872668385505676,0.04208444803953171
23,0.98810875415802,0.03883443400263786,0.9875649213790894,0.04094298928976059
24,0.9887152314186096,0.03675369173288345,0.9877976775169373,0.03991291671991348
25,0.9890953302383423,0.035317353904247284,0.9883577227592468,0.03815685212612152
26,0.9895671010017395,0.03371540084481239,0.9889712929725647,0.036141932010650635
27,0.9899985194206238,0.0322439968585968,0.9891954660415649,0.035088442265987396
28,0.9903275370597839,0.031104955822229385,0.9896647334098816,0.03364044800400734
29,0.9906595945358276,0.02994390018284321,0.9896324276924133,0.03349154442548752
30,0.9909825325012207,0.028827641159296036,0.9901654124259949,0.03188735246658325
31,0.991146981716156,0.028213078156113625,0.9903152585029602,0.0313919298350811
32,0.9914201498031616,0.02728772535920143,0.9905185699462891,0.03080764040350914
33,0.991744875907898,0.02620530128479004,0.9905241131782532,0.03059893473982811
34,0.991888165473938,0.025745701044797897,0.9906734228134155,0.030078601092100143
35,0.9922223091125488,0.024630621075630188,0.9910030961036682,0.02911721169948578
36,0.9924004077911377,0.02398846298456192,0.991007387638092,0.029011977836489677
37,0.992633044719696,0.023216528818011284,0.9911671280860901,0.028463706374168396
38,0.9926967620849609,0.02292480133473873,0.9913681149482727,0.027682995423674583
39,0.9930393695831299,0.021854879334568977,0.9914506673812866,0.027377435937523842
40,0.9932126998901367,0.021298769861459732,0.991619348526001,0.02693236991763115
41,0.9932675957679749,0.021037636324763298,0.9916900396347046,0.026652149856090546
42,0.9934700131416321,0.020364856347441673,0.9918985366821289,0.026077503338456154
43,0.9936501383781433,0.01977858692407608,0.9920018911361694,0.025679728016257286
44,0.9936889410018921,0.019591648131608963,0.9919507503509521,0.02591942809522152
45,0.9938080310821533,0.019206296652555466,0.9918264150619507,0.026217123493552208
46,0.994012176990509,0.018592648208141327,0.991969645023346,0.02587779425084591
47,0.9942073822021484,0.017970195040106773,0.9918354153633118,0.026337485760450363
48,0.9942591190338135,0.017786486074328423,0.992077112197876,0.02552064321935177
49,0.9943779110908508,0.017344852909445763,0.9923558235168457,0.024638311937451363
50,0.9944735169410706,0.017078302800655365,0.9925623536109924,0.024079881608486176
51,0.9946461915969849,0.0165251474827528,0.9925388693809509,0.02415076456964016
52,0.9946966171264648,0.01635092869400978,0.9926183223724365,0.02376042678952217
53,0.9947440028190613,0.016130805015563965,0.9925178289413452,0.02416076883673668
54,0.9947635531425476,0.016030609607696533,0.9926793575286865,0.023700501769781113
55,0.9950219392776489,0.015294777229428291,0.9925605654716492,0.024100404232740402
56,0.995181679725647,0.014820427633821964,0.992832601070404,0.023301098495721817
57,0.9952157735824585,0.014645873568952084,0.9927825331687927,0.023486517369747162
58,0.9953525066375732,0.014252298511564732,0.99250727891922,0.024588262662291527
59,0.9949597716331482,0.01539936289191246,0.9926323294639587,0.024216601625084877
60,0.9953063726425171,0.014271044172346592,0.9923920631408691,0.025193246081471443
61,0.9955142736434937,0.013707379810512066,0.9924826622009277,0.025125639513134956
62,0.9956761598587036,0.013217086903750896,0.9918116927146912,0.028320930898189545
63,0.995613157749176,0.013426362536847591,0.9930117130279541,0.023172182962298393
64,0.9958253502845764,0.012763523496687412,0.9930377006530762,0.023106038570404053
65,0.9958029389381409,0.012817799113690853,0.9929566383361816,0.023319870233535767
66,0.9958016872406006,0.012703818269073963,0.993025541305542,0.023208754137158394
67,0.9958666563034058,0.012517469003796577,0.9926163554191589,0.024491753429174423
68,0.9958335161209106,0.01255132257938385,0.9932152032852173,0.022727103903889656
69,0.9957718849182129,0.012675583362579346,0.992802619934082,0.02397848851978779
70,0.9959357976913452,0.01220702100545168,0.9932764172554016,0.02260119654238224
71,0.9961630702018738,0.011605223640799522,0.9933273792266846,0.02248372882604599
72,0.9962641000747681,0.011288614012300968,0.9934603571891785,0.02207200415432453
73,0.9962748885154724,0.011214206926524639,0.9933650493621826,0.022401319816708565
74,0.9962051510810852,0.011422385461628437,0.9934072494506836,0.022317523136734962
75,0.9962207674980164,0.011316241696476936,0.9934228658676147,0.02228729985654354
76,0.9962117075920105,0.011302286759018898,0.9934806227684021,0.02231607772409916
77,0.996237576007843,0.011185918003320694,0.9935653209686279,0.02182389423251152
78,0.996496319770813,0.01053707953542471,0.9936475157737732,0.021777072921395302
79,0.9963653683662415,0.010902267880737782,0.9934296607971191,0.02250596135854721
80,0.996513843536377,0.010464460588991642,0.9936480522155762,0.02197359874844551
81,0.9967296123504639,0.009827335365116596,0.9937740564346313,0.02158227376639843
82,0.9968118071556091,0.009624281898140907,0.9937198162078857,0.021932266652584076
83,0.9968141317367554,0.009551150724291801,0.993583083152771,0.022461876273155212
84,0.9967303276062012,0.009746251627802849,0.9937080144882202,0.02194046601653099
85,0.9967222809791565,0.00975106842815876,0.9935974478721619,0.0223714429885149
86,0.9967570900917053,0.009624018333852291,0.9932916760444641,0.023710768669843674
87,0.9967558979988098,0.009603053331375122,0.9936631321907043,0.022341003641486168
88,0.9967771172523499,0.00952662993222475,0.9938779473304749,0.021707147359848022
89,0.9967510104179382,0.00957950297743082,0.9937731027603149,0.02209656499326229
90,0.9967742562294006,0.009519015438854694,0.9939000010490417,0.02161450684070587
91,0.9969369173049927,0.00908113457262516,0.9939581751823425,0.021371806040406227
92,0.9970136880874634,0.008877045474946499,0.9938502907752991,0.02189510315656662
93,0.9970919489860535,0.008646156638860703,0.9939188361167908,0.02181391231715679
94,0.99711674451828,0.008571074344217777,0.9938883185386658,0.022037973627448082
95,0.9971761107444763,0.008411903865635395,0.9939380288124084,0.021906979382038116
96,0.99721360206604,0.0082723842933774,0.9940094947814941,0.021623071283102036
97,0.9971228241920471,0.008469777181744576,0.9939071536064148,0.022062057629227638
98,0.9969986081123352,0.00878336001187563,0.9938705563545227,0.022077366709709167
99,0.9970020651817322,0.0087977210059762,0.9939364194869995,0.021745219826698303
100,0.9970546364784241,0.008618266321718693,0.9938181638717651,0.022182660177350044
101,0.9972485303878784,0.008137094788253307,0.9938043355941772,0.02244061604142189
102,0.9973456859588623,0.007871706038713455,0.9938366413116455,0.022382820025086403
103,0.9973955750465393,0.007734714541584253,0.9937677383422852,0.022676030173897743
104,0.9974413514137268,0.007592059206217527,0.9938517212867737,0.022407053038477898
105,0.9974712133407593,0.007491829805076122,0.9938680529594421,0.022665560245513916
106,0.997474730014801,0.007452641613781452,0.9937061667442322,0.02312246896326542
107,0.9974302053451538,0.007582970429211855,0.9940697550773621,0.022022422403097153
108,0.9974251985549927,0.007550369948148727,0.993972659111023,0.022416768595576286
109,0.9973587989807129,0.007699906360358,0.9939106106758118,0.022571150213479996
110,0.9973682165145874,0.007672442123293877,0.9938517212867737,0.022746682167053223
111,0.9973779916763306,0.007615299895405769,0.9937822818756104,0.022937942296266556
112,0.9973902702331543,0.007596025243401527,0.9937716722488403,0.022985849529504776
113,0.9973326921463013,0.007723433896899223,0.9937586188316345,0.023245366290211678
114,0.9974443912506104,0.0074361818842589855,0.9936189651489258,0.02361324243247509
115,0.9974113702774048,0.007526411209255457,0.9937618374824524,0.02321045845746994
116,0.9975059628486633,0.007264753803610802,0.993794322013855,0.023208724334836006
117,0.9955295324325562,0.014662492088973522,0.9932913184165955,0.02375217154622078
118,0.9876785278320312,0.052317481487989426,0.9873964190483093,0.043243035674095154
119,0.9908307790756226,0.028920073062181473,0.9911515116691589,0.029628604650497437
